%Parameters

L = 1.16;
R = 8.4;
Kt = 0.042;
Kb = 0.042;
J = 2.09e-5;
B = 0.00002;
Tl = 0.0001;
